,capacity_ratio,antisolv_ratio,add_antisolv_mole,capacity_mole,precip_mole
0,,,,,
1,0.4884254324411312,0.01010101010101011,0.006800620844526617,0.32883802150875197,-0.002099485116886457
2,0.49155080518742095,0.020408163265306138,0.013740029869553775,0.33094221453823996,-0.004203678146374457
3,0.4946800351784905,0.030927835051546417,0.020822519493035103,0.333049004501994,-0.006310468110128475
4,0.4978172614089958,0.0416666666666667,0.02805256098367229,0.3351611780256138,-0.008422641633748285
5,0.5009619806774178,0.052631578947368474,0.035434813874112375,0.3372783963229083,-0.010539859931042783
6,0.5041118077123571,0.06382978723404262,0.042974135974987344,0.33939905348256394,-0.012660517090698431
7,0.5072673475777342,0.07526881720430115,0.05067559403502092,0.34152355687080155,-0.01478502047893604
8,0.5104309512960388,0.08695652173913039,0.05854447509635949,0.34365348934046347,-0.01691495294859796
9,0.5136021588765852,0.09890109890109887,0.06658629859860668,0.34578854119754737,-0.019050004805681864
10,0.5167787699904169,0.11111111111111108,0.0748068292897927,0.34792723104535955,-0.021188694653494045
11,0.5199612139298061,0.12359550561797751,0.08321209100774694,0.3500698479098436,-0.02333131151797807
12,0.5231516249231972,0.13636363636363635,0.09180838140110924,0.35221782868476553,-0.025479292292900024
13,0.5263495182614701,0.14942528735632185,0.10060228766558331,0.3543708470341539,-0.027632310642288382
14,0.5295525753065187,0.16279069767441862,0.1096007033780684,0.3565273419083236,-0.029788805516458072
15,0.5327620754168646,0.17647058823529413,0.11881084651908255,0.3586881746500656,-0.031949638258200075
16,0.5359771794668307,0.19047619047619052,0.12824027878250183,0.3608527803083981,-0.034114243916532616
17,0.5391992333195789,0.2048192771084338,0.13789692628118422,0.3630220650011236,-0.0362835286092581
18,0.5424277401735549,0.21951219512195114,0.1477891017676392,0.3651956942509004,-0.03845715785903492
19,0.5456607326770575,0.23456790123456783,0.15792552850067346,0.36737234351564274,-0.04063380712377723
20,0.5488981541161817,0.24999999999999994,0.16831536590203358,0.36955197461206385,-0.04281343822019834
21,0.5521416071644982,0.26582278481012656,0.17896823716165597,0.3717356665585177,-0.04499713016665219
22,0.5553894113772834,0.282051282051282,0.18989425896639686,0.3739222879763301,-0.047183751584464584
23,0.5586417626639179,0.2987012987012987,0.2011040735452869,0.3761119707637374,-0.049373434371871916
24,0.5618966386583031,0.3157894736842105,0.21260888324467403,0.3783033533395802,-0.0515648169477147
25,0.5651544471440848,0.3333333333333333,0.22442048786937813,0.3804967102488726,-0.0537581738570071
26,0.568414028026481,0.35135135135135137,0.2365513250515067,0.38269126044450374,-0.055952724052638236
27,0.5716758316296074,0.3698630136986302,0.24901451393725527,0.3848873071123469,-0.05814877072048141
28,0.5749382754171871,0.3888888888888889,0.2618239025142745,0.38708378479171207,-0.06034524839984656
29,0.5782008845944943,0.4084507042253522,0.2749941189385338,0.38928037382160724,-0.06254183742974173
30,0.5814617751009733,0.42857142857142866,0.2885406272606291,0.3914758057366652,-0.06473726934479967
31,0.5847199735191326,0.4492753623188407,0.3024797879978576,0.39366942517240083,-0.06693088878053532
32,0.5879756551599424,0.47058823529411775,0.31682892405088686,0.3958613501589346,-0.06912281376706908
33,0.5912266125095127,0.49253731343283597,0.3316063925234096,0.3980500944622339,-0.07131155807036837
34,0.5944719318638343,0.5151515151515154,0.3468316630708573,0.40023504292060025,-0.07349650652873474
35,0.5977090139009855,0.5384615384615388,0.36252540348130335,0.4024144455107523,-0.07567590911888677
36,0.6009370091520744,0.5624999999999999,0.37870957327957555,0.4045877303180205,-0.07784919392615497
37,0.60415378004343,0.5873015873015873,0.39540752624604725,0.4067534581964266,-0.0800149218045611
38,0.6073581487761353,0.6129032258064516,0.4126441228565985,0.40891083617934787,-0.08217229978748236
39,0.6105473836047696,0.6393442622950819,0.43044585378224987,0.41105802508786426,-0.08431948869599876
40,0.6137193536153772,0.6666666666666667,0.44884097573875636,0.4131935902597271,-0.08645505386786156
41,0.6168713050278314,0.6949152542372882,0.4678596611514155,0.4153156776808977,-0.08857714128903221
42,0.6200009451253237,0.7241379310344825,0.48753416330244204,0.4174227437535021,-0.09068420736163657
43,0.623105108308138,0.7543859649122805,0.5078989988622767,0.41951265720124215,-0.09277412080937664
44,0.6261807875694986,0.7857142857142856,0.5289911499778198,0.4215833935223349,-0.09484485713046942
45,0.6292246854972101,0.818181818181818,0.5508502884066553,0.42363273269621976,-0.09689419630435425
46,0.632233180292751,0.8518518518518516,0.5735190245550773,0.4256582363055231,-0.09891969991365757
47,0.6352023754705695,0.8867924528301887,0.5970431847091003,0.4276572809966793,-0.10091874460481381
48,0.6381281009218986,0.923076923076923,0.6214721202536625,0.4296270591961568,-0.10288852280429128
49,0.6410062801212589,0.9607843137254903,0.6468590532705606,0.4315648263364446,-0.1048262899445791
50,0.6438318236858304,1.0,0.6732614636081344,0.4334671559322165,-0.10672861954035101
51,0.6465998828162329,1.0408163265306123,0.700741523347242,0.4353307834737052,-0.10859224708183968
52,0.6493051738368749,1.0833333333333335,0.7293665855754791,0.43715215166574856,-0.11041361527388305
53,0.6519429107060787,1.1276595744680853,0.7592097355581092,0.4389280382509218,-0.1121895018590563
54,0.6545062666861413,1.173913043478261,0.7903504138008536,0.4406538470498075,-0.11391531065794197
55,0.6569896562515647,1.2222222222222223,0.82287512218772,0.44232581754333355,-0.11558728115146805
56,0.6593868957355027,1.272727272727273,0.856878226410353,0.44393978650690885,-0.11720125011504334
57,0.6616925331593274,1.3255813953488376,0.8924628703642715,0.44549208333342283,-0.11875354694155732
58,0.6638988907022647,1.380952380952381,0.929742021173138,0.4469775388420236,-0.12023900245015812
59,0.6660002632415827,1.4390243902439022,0.9688396671434127,0.44839231199343077,-0.12165377560156526
60,0.6679906003227238,1.5,1.0098921954122018,0.4497323292497534,-0.12299379285788792
61,0.669864260183627,1.5641025641025639,1.053049981540928,0.4509937922300089,-0.1242552558381434
62,0.6716162548893351,1.6315789473684208,1.0984792300974824,0.4521733427498076,-0.12543480635794207
63,0.6732440316919097,1.7027027027027026,1.1463641137111478,0.45326926214233637,-0.12653072575047086
64,0.6747404976138304,1.777777777777778,1.1969092686366836,0.45427677497916835,-0.12753823858730284
65,0.6761065172806255,1.8571428571428574,1.2503427181293927,0.4551964633793524,-0.12845792698748687
66,0.677342816410789,1.9411764705882357,1.3069193117099083,0.45602881594118366,-0.12929027954931815
67,0.6784545410190317,2.0303030303030307,1.3669247897498489,0.4567772972780584,-0.13003876088619287
68,0.6794461685286839,2.1250000000000004,1.430680610167286,0.4574449218665609,-0.13070638547469537
69,0.6803327576906854,2.225806451612904,1.498549709321332,0.4580418281833891,-0.1313032917915236
70,0.6811283771796562,2.3333333333333344,1.5709434150856476,0.4585774881250088,-0.1318389517331433
71,0.6818609543637066,2.4482758620689653,1.6483297902130187,0.4590707041121485,-0.132332167720283
72,0.6825594857005507,2.571428571428571,1.731243763563774,0.4595409983423683,-0.13280246195050277
73,0.6832703751053993,2.7037037037037033,1.820299512718289,0.4600196127835402,-0.1332810763916747
74,0.6840443813249496,2.8461538461538463,1.9162057041154597,0.4605407213437564,-0.1338021849518909
75,0.6849537379580493,2.9999999999999996,2.019784390824403,0.4611529561214988,-0.1344144197296333
76,0.6860818077754363,3.166666666666667,2.1319946347590926,0.46191244205780496,-0.13517390566593945
77,0.6875295590064342,3.3478260869565224,2.2539622912098416,0.46288715717052714,-0.13614862077866163
78,0.6894280891508117,3.545454545454546,2.3870179164288405,0.46416536435423483,-0.13742682796236932
79,0.6919271785265401,3.7619047619047628,2.532745505954411,0.4658479049250253,-0.1391093685331598
80,0.6952059759721468,4.000000000000001,2.693045854432538,0.4680553928921291,-0.1413168565002636
81,0.6994882770814708,4.263157894736843,2.8702199238031003,0.4709385012046033,-0.14419996481273778
82,0.7050335053687433,4.555555555555557,3.0670800008815022,0.47467188971733365,-0.14793335332546814
83,0.7121573816089424,4.882352941176473,3.287100087027952,0.47946812106137326,-0.15272958466950776
84,0.7212438921730024,5.249999999999998,3.5346226839427044,0.4855857184628231,-0.1588471820709576
85,0.7327659496333138,5.666666666666666,3.815148293779428,0.49334307573232933,-0.16660453934046382
86,0.747315555758024,6.142857142857143,4.135748990735683,0.5031387648467737,-0.17640022845490816
87,0.7656486652485127,6.6923076923076925,4.505672871839054,0.5154817409748282,-0.18874320458296273
88,0.7887533328986133,7.333333333333334,4.937250733126319,0.5310372233331144,-0.20429868694124892
89,0.8179558870155336,8.090909090909092,5.447297296465815,0.550698177658968,-0.2239596412671025
90,0.855091596341017,9.000000000000004,6.059353172473212,0.5757002196715691,-0.24896168327970364
91,0.9027897767128713,10.111111111111114,6.80742146537114,0.6078135664001686,-0.2810750300083031
92,0.964973211887215,11.500000000000007,7.742506831493551,0.6496792769778288,-0.3229407405859633
93,1.0477925290696155,13.285714285714297,8.944759445079509,0.7054383316790781,-0.3786997952872126
94,1.1614550634784162,15.666666666666682,10.547762929860783,0.7819629359525572,-0.45522439956069166
95,1.3243473618522275,19.000000000000025,12.79196780855457,0.8916320431662023,-0.5648935067743368
96,1.5732123791160793,23.999999999999975,16.15827512659521,1.0591832689301268,-0.7324447325382613
97,1.9937689385197863,32.33333333333331,21.76878732332966,1.342327793644268,-1.0155892572524023
98,2.8431789165470787,48.99999999999996,32.989811716798556,1.914202798654276,-1.5874642622624104
99,5.407122680614052,98.99999999999991,66.65288489720525,3.6404073298589563,-3.313668793467091
100,,,,,
