,capacity_ratio,antisolv_ratio,add_antisolv_mole,capacity_mole,precip_mole,solute mol fraction,solvent mol fraction,antisolvent mol fraction
0,,,,,,0.33405282035615175,0.6659471796438483,0.0
1,0.49911327981402576,0.01010101010101011,0.006726739188321706,0.33238308101494135,0.0016697393412103967,0.33071067717104924,0.6625964296006612,0.006692893228289513
2,0.49660304717439346,0.02040816326530614,0.013590758768241815,0.33071139866832827,0.003341421687823476,0.32735621448074537,0.6591909098088695,0.013452875710385104
3,0.49409177840435325,0.03092783505154642,0.020596304525067492,0.32903902631359233,0.005013794042559416,0.3239904418571213,0.6557292713985923,0.020280286744286377
4,0.49157653988813693,0.041666666666666706,0.02774779915182704,0.3273640103175865,0.006688810038565252,0.32061224063252763,0.6522122489927735,0.02717551037469892
5,0.4890637964322324,0.052631578947368474,0.03504985156020258,0.3256906558999583,0.008362164456193422,0.31722466334298605,0.6486365698241632,0.03413876683285073
6,0.4865504738460875,0.06382978723404262,0.0425072667857776,0.32401691581217995,0.010035904543971796,0.3138265405334263,0.6450030518985792,0.041170407567994456
7,0.4840427249983481,0.07526881720430115,0.050125056532332714,0.3223468875397728,0.011705932816378939,0.31042079270098905,0.6413086627880802,0.04827054451093081
8,0.4815377141049475,0.08695652173913039,0.057908450403812865,0.32067868260033555,0.013374137755816196,0.3070063651498281,0.6375541440621583,0.05543949078801373
9,0.47904126720028567,0.09890109890109886,0.0658629078768641,0.3190161808250454,0.015036639531106344,0.3035860355177933,0.6337367076788082,0.06267725680339858
10,0.47655426975530035,0.11111111111111108,0.07399413107153868,0.31735997189077597,0.016692848465375776,0.30016039620089086,0.6298556434191982,0.06998396037991089
11,0.4740768525469843,0.12359550561797751,0.08230807838294753,0.31571014288809673,0.018342677468055013,0.29672970814334837,0.6259105597524199,0.07735973210423167
12,0.47161412434336836,0.13636363636363635,0.09081097904234295,0.31407009598666935,0.019982724369482396,0.29329642229380487,0.6218991483814518,0.08480442932474341
13,0.4691677900538519,0.14942528735632185,0.09950934868241412,0.3124409665660998,0.021611853790051927,0.2898614831619957,0.6178205096490638,0.09231800718894057
14,0.4667385323490232,0.16279069767441864,0.10841000598853347,0.310823209248941,0.023229611107210724,0.2864253820978154,0.6136741713958788,0.09990044650630586
15,0.46433191437514004,0.17647058823529416,0.11752009052538502,0.3092205287967534,0.024832291559398367,0.28299073998023,0.6094578710168045,0.10755138900296551
16,0.4619502565562098,0.19047619047619052,0.12684708183692353,0.30763447048936005,0.0264183498667917,0.27955874065428343,0.6051706578504019,0.11527060149531468
17,0.4595951862622524,0.20481927710843378,0.1363988199270533,0.3060661180692361,0.027986702286915632,0.27613025263641605,0.6008118903117747,0.12305785705180931
18,0.4572705815928136,0.2195121951219511,0.14618352723889347,0.30451805414583644,0.02953476621031531,0.2727071078871174,0.5963801715325638,0.13091272058031883
19,0.45498152272683345,0.23456790123456783,0.15620983226213722,0.3029936618499982,0.03105915850615354,0.2692916325940091,0.5918737775988526,0.13883458980713823
20,0.45273073279652337,0.24999999999999994,0.16648679491096205,0.30149475464393743,0.03255806571221431,0.2658851009595448,0.5872919192323641,0.146822979808091
21,0.450522648472362,0.26582278481012656,0.17702393382937737,0.3000242871158464,0.03402853324030536,0.2624894964242386,0.5826332978248515,0.15487720575090988
22,0.4483606808792028,0.282051282051282,0.18783125579698282,0.2985845308947006,0.03546828946145114,0.25910632293589536,0.5778970681100016,0.16299660895410298
23,0.44624954215547574,0.2987012987012987,0.19891928742608456,0.29717862401579764,0.036874196340354104,0.2557376011443201,0.5730820471188736,0.17118035173680637
24,0.44419511236477516,0.3157894736842105,0.21029910936121524,0.2958104822909043,0.03824233806524746,0.252385796947208,0.568186794320122,0.17942740873267007
25,0.4422016791641365,0.3333333333333333,0.2219823932146161,0.2944829610731306,0.03956985928302115,0.24905263824796958,0.5632105213140228,0.1877368404380076
26,0.4402749751028447,0.35135135135135137,0.23398144149648725,0.29319987793750496,0.04085294241864679,0.24574040278487758,0.5581521019391906,0.19610749527593185
27,0.438419856721199,0.36986301369863017,0.2463092308271768,0.29196446708334256,0.04208835327280919,0.24245092617584274,0.5530108238916348,0.20453824993252248
28,0.43664290954699153,0.38888888888888895,0.25897945875038547,0.29078111412430296,0.04327170623184878,0.2391866906515176,0.5477855827309073,0.21302772661757507
29,0.4349501501392206,0.4084507042253522,0.27200659450241693,0.28965382577088233,0.04439899458526941,0.23594984732127053,0.5424756084018979,0.22157454427683157
30,0.4333489333839,0.4285714285714286,0.28540593413307785,0.2885874999886781,0.04546532036747364,0.232743001386381,0.5370798990295333,0.23017709958408575
31,0.4318457865717959,0.44927536231884063,0.2991936604197,0.28758648360856676,0.04646633674758499,0.22956830123698868,0.5315978721464778,0.23883382661653355
32,0.4304481680635928,0.4705882352941178,0.3133869080676934,0.2866557435048109,0.04739707685134087,0.22642815640106237,0.5260288536472775,0.24754298995166008
33,0.42916402187387737,0.492537313432836,0.32800383474995526,0.2858005699715195,0.04825225038463227,0.22332503703307288,0.5203722251878411,0.256302737779086
34,0.4280013586035046,0.5151515151515154,0.34306369860440683,0.2850262976457392,0.04902652271041252,0.2202612899809674,0.5146275486125614,0.2651111614064712
35,0.4269690841497165,0.5384615384615387,0.3585869428851492,0.28433885738462067,0.04971396297153108,0.21723945848693904,0.5087943519834895,0.2739661895295714
36,0.42607629860755186,0.5624999999999999,0.3745952885496646,0.2837443093707893,0.05030851098536243,0.21426198175342862,0.5028723316778058,0.2828656865687657
37,0.4253328174608717,0.5873015873015873,0.39111183566384744,0.2832491901980393,0.050803630158112456,0.21133138559810696,0.49686122707319264,0.29180738732870043
38,0.4247487064310781,0.6129032258064516,0.4081611746204232,0.28286020310514937,0.05119261725100238,0.2084500790891528,0.4907609509647253,0.3007889699461219
39,0.42433475543109367,0.6393442622950819,0.4257695082968866,0.282584533604199,0.05146828675195275,0.2056205213050228,0.48457148200393607,0.3098079966910411
40,0.4241023291879752,0.6666666666666667,0.44396478642923226,0.282429750003119,0.05162307035303276,0.20284513976859278,0.47829291613884434,0.3188619440925629
41,0.4240633989554276,0.6949152542372883,0.46277685365080995,0.28240382452455104,0.05164899583160071,0.2001263194966505,0.47192547149697617,0.32794820900637334
42,0.4242307500331955,0.7241379310344825,0.48223761284554517,0.2825152715028009,0.05153754885335082,0.19746645618682399,0.46546945541164214,0.33706408840153385
43,0.4246177040296224,0.7543859649122805,0.5023812056962363,0.28277296242537336,0.05127985793077838,0.19486782426383498,0.4589253401696141,0.3462068355665509
44,0.42523852427084374,0.7857142857142856,0.5232442125773094,0.2831863959140805,0.050866424442071234,0.1923327003409466,0.4522936878090699,0.35537361184998345
45,0.42610814147953974,0.818181818181818,0.5448658742540576,0.2837655150415814,0.050287305314570374,0.1898632303037329,0.44557522333294697,0.36456154636332017
46,0.427242721447088,0.8518518518518516,0.5672883382151299,0.2845210853710506,0.04953173498510116,0.18746160271386347,0.43877073453451376,0.37376766275162276
47,0.42865921528279727,0.8867924528301886,0.5905569328917145,0.28546439544592406,0.04858842491022769,0.18512984796272597,0.4318811805797553,0.3829889714575188
48,0.43037574376526405,0.923076923076923,0.6147204735173984,0.2866075127476011,0.047445307608550646,0.1828699382098613,0.4249076321308721,0.39222242965926657
49,0.4324116422695758,0.9607843137254902,0.6398316039715406,0.28796331361458866,0.04608950674156309,0.18068375938308132,0.4178512827146285,0.40146495790229014
50,0.434787321205186,1.0,0.6659471796438483,0.28954539030149756,0.044507430054654185,0.17857301843923365,0.41071349078038316,0.41071349078038316
51,0.43752529846386173,1.040816326530612,0.6931286971803318,0.2913687385348417,0.04268408182131006,0.17653954323784452,0.4034956238134562,0.4199648329486993
52,0.4406491787349056,1.0833333333333335,0.7214427779475024,0.2934490777908884,0.040603742565263334,0.1745848779173285,0.3961992585996823,0.42921586348298923
53,0.4441845301494802,1.1276595744680853,0.7509617132154035,0.2958034350944742,0.03824938526167754,0.17271051902095388,0.38882605606015164,0.43846342491889445
54,0.44815892941441554,1.1739130434782612,0.7817640804514743,0.2984501750757365,0.035602645280415235,0.17091785963449563,0.381377784568132,0.44770435579737244
55,0.452602193024894,1.2222222222222225,0.8139354417869259,0.3014091539455488,0.032643666410602956,0.16920818818796368,0.3738563153154163,0.45693549649662
56,0.4575466414421509,1.2727272727272732,0.8475691377285345,0.3047018954239155,0.029350924932236233,0.16758268797412623,0.3662636172913844,0.46615369473448937
57,0.46302740143778304,1.3255813953488376,0.8827671916209154,0.30835179208531155,0.025701028270840198,0.16604243735132027,0.35860175193893223,0.4753558107097475
58,0.46908275277435896,1.3809523809523807,0.9196413433176951,0.3123843362296569,0.021668484126494858,0.16458841058600593,0.35087286755387753,0.48453872186011654
59,0.4757540109676847,1.4390243902439022,0.9583142341216352,0.3168270418081781,0.017225778547973636,0.16322133125795357,0.34307925418423907,0.49369941455780736
60,0.48308793016853446,1.4999999999999998,0.9989207694657724,0.32171104461571987,0.012341775740431882,0.16194223619189183,0.3352231055232433,0.5028346582848648
61,0.49113448195629855,1.5641025641025639,1.0416096912378139,0.32706962308463955,0.006983197271512198,0.16075167803750057,0.3273068455653748,0.5119414763971246
62,0.49994920339995097,1.6315789473684208,1.0865453983662787,0.332939761969386,0.0011130583867657307,0.15965023443179976,0.3193329109159161,0.5210168546522841
63,0.5095934996845431,1.7027027027027029,1.1339100626368228,0.3393623538797598,-0.005309533523608079,0.15863839060228452,0.3113037954771547,0.5300578139205607
64,0.5201354762279833,1.777777777777778,1.1839060971446194,0.34638275342673536,-0.01232993307058361,0.1577165426034807,0.30322204466274694,0.5390614127337724
65,0.5316509129125371,1.857142857142857,1.236759047910004,0.35405142600918127,-0.019998605653029522,0.1568850006779393,0.29509024976272125,0.5480247495593394
66,0.5442244094463632,1.9411764705882353,1.292720995779235,0.3624247105641445,-0.028371890207992745,0.1561439926649014,0.2869110424939335,0.5569449648411651
67,0.5579507379273152,2.0303030303030303,1.3520745768526616,0.3715657203028995,-0.03751289994674778,0.15549366738420098,0.27868708976321366,0.5658192428525853
68,0.572936447725908,2.1250000000000004,1.415137756743178,0.38154541147823356,-0.04749259112208182,0.15493409792865487,0.2704210886628304,0.5746448134085147
69,0.5893017794780371,2.225806451612904,1.482269528884695,0.3924438580024998,-0.058391037646348065,0.15446528480517696,0.2621157617103951,0.583418953484428
70,0.6071829601549567,2.3333333333333344,1.5538767525023134,0.40435177984299653,-0.07029895948684478,0.15408715887263996,0.25377385233820793,0.592138988789152
71,0.626734971067141,2.448275862068965,1.6304224053349385,0.41737238636633145,-0.0833195660101797,0.15379958403320593,0.2453981206303703,0.6008022953364237
72,0.6481349069403461,2.5714285714285707,1.7124356047984666,0.4316236133056516,-0.09757079294949983,0.153602359642871,0.23699133929999613,0.6094063010571328
73,0.6715860792448359,2.7037037037037037,1.8005238560741084,0.4472408553611685,-0.11318803500501673,0.15349522261637474,0.22855628989357885,0.6179484874900465
74,0.6973230641303444,2.8461538461538463,1.8953881266786452,0.4643803278582092,-0.13032750750205746,0.1534778492110192,0.22009575920513502,0.6264263915838458
75,0.72561795947147,2.9999999999999996,1.9978415389315447,0.4832232336089497,-0.14917041325279795,0.1535498564832409,0.21161253587918977,0.6348376076375692
76,0.7567882037349735,3.166666666666667,2.108832735538853,0.5039809698650396,-0.16992814950888785,0.1537108034206957,0.203109407179033,0.6431797894002712
77,0.7912064321009779,3.3478260869565224,2.229475340546797,0.5269016919737182,-0.19284887161756642,0.15396019176116935,0.19458915589493103,0.6514506523438996
78,0.8293130181904536,3.5454545454545463,2.3610854551009175,0.55227866550586,-0.21822584514970828,0.1542974665174245,0.18605455736616658,0.6596479761164089
79,0.8716321967777815,3.7619047619047628,2.5052298662792394,0.5804610031309354,-0.24640818277478366,0.154722016234295,0.17750837659079802,0.667769607174907
80,0.9187930210506525,4.000000000000001,2.6637887185753937,0.611867621045133,-0.2778148006889813,0.15523317301059403,0.16895336539788117,0.6758134615915248
81,0.9715569358249513,4.263157894736843,2.8390379763764066,0.6470056012760457,-0.3129527809198939,0.155830212323826,0.160392259658473,0.683777528017701
82,1.0308545398849416,4.555555555555558,3.0337593739330884,0.6864946734594338,-0.3524418531032821,0.15651235270007857,0.1518277765139858,0.6916598707859356
83,1.0978353215445222,4.882352941176473,3.2513891712023195,0.7311003360959719,-0.39704751573982017,0.15727875527479934,0.14326261160328405,0.6994586331219166
84,1.173936043591267,5.249999999999999,3.496222693130203,0.781779397311862,-0.4477265769557102,0.15812852329252897,0.1346994362731954,0.7071720404342757
85,1.260976481072423,5.666666666666666,3.7737006846484733,0.8397437311674046,-0.5056909108112528,0.15906070159477917,0.12614089476078313,0.7147984036444377
86,1.361296188794183,6.142857142857142,4.090818389240782,0.9065513575874058,-0.5724985372312541,0.16007427614547118,0.11758960133963405,0.7223361225148948
87,1.477954391939242,6.692307692307692,4.456723433001138,0.9842395589541769,-0.6501867385980251,0.1611681736422926,0.10904813742650196,0.7297836889312054
88,1.6150310936457968,7.333333333333334,4.883612650721554,1.0755254018505382,-0.7414725814943866,0.16234136832241164,0.1005190358013106,0.7371395958762778
89,1.7780852060248906,8.090909090909092,5.388118089845682,1.184110828118727,-0.8500580077625752,0.1635924315947491,0.09200483252457758,0.7444027358806733
90,1.974904101910637,9.000000000000004,5.993524616794637,1.315181816734456,-0.9811289963783043,0.16492024362813343,0.08350797563718663,0.75157178073468
91,2.2167337109879957,10.111111111111116,6.733465927510025,1.4762275628538972,-1.1421747424977455,0.16632349345127384,0.07503088558938532,0.7586456209593408
92,2.5204424299207053,11.500000000000007,7.65839256590426,1.6784815276603815,-1.3444287073042298,0.16780081157263288,0.06657593507418934,0.7656232533531778
93,2.9125371379187297,13.285714285714295,8.84758395812542,1.9395958926049441,-1.6055430722487924,0.16935077096945209,0.058145446032138316,0.7725037829984096
94,3.437195233254655,15.666666666666682,10.433172481086967,2.288990471471217,-1.9549376511150651,0.17097188840459077,0.049741686695724506,0.7792864248996847
95,4.173935120673868,19.00000000000003,12.652996413233137,2.779620321629168,-2.4455675012730165,0.17266262608210028,0.04136686869589493,0.7859705052220048
96,5.2817924393767175,23.99999999999998,15.982732311452345,3.5173947784671267,-3.183341958110975,0.17442139364605708,0.03302314425415775,0.7925554620997852
97,7.131851516859214,32.33333333333331,21.532292141817745,4.749436403291095,-4.415383582934943,0.17624660663882483,0.024712601800835277,0.7990407915603399
98,10.83734888847315,48.99999999999996,32.63141180254854,7.217101927095088,-6.8830491067389366,0.17813644227561845,0.016437271154487645,0.8054262865698939
99,21.964494901753078,98.99999999999991,65.92877078474092,14.627193432124146,-14.293140611767994,0.18008925400335818,0.008199107459966425,0.8117116385366754
100,,,,,,0.18210326605806756,0.0,0.8178967339419324
