,capacity_ratio,antisolv_ratio,add_antisolv_mole,capacity_mole,precip_mole
0,,,,,
1,0.5073730521902833,0.01010101010101011,0.006726739188321706,0.3378836531334102,-0.0038308327772584305
2,0.513166286172042,0.02040816326530614,0.013590758768241815,0.3417416409645793,-0.007688820608427571
3,0.5190027169261421,0.03092783505154642,0.020596304525067492,0.3456283955644589,-0.011575575208307154
4,0.5248813764065146,0.041666666666666706,0.02774779915182704,0.3495432722654995,-0.01549045190934778
5,0.5308036045888626,0.05263157894736847,0.03504985156020257,0.3534871634207415,-0.019434343064589743
6,0.5367760552874958,0.06382978723404262,0.0425072667857776,0.3574645001190582,-0.02341167976290648
7,0.5427967351258961,0.07526881720430115,0.050125056532332714,0.3614739548769795,-0.027421134520827728
8,0.5488672421578594,0.08695652173913039,0.057908450403812865,0.3655165919139236,-0.03146377155777186
9,0.5549925274274753,0.09890109890109886,0.0658629078768641,0.3695957083637383,-0.03554288800758654
10,0.5611752108312086,0.11111111111111109,0.07399413107153868,0.3737130489390853,-0.039660228582933554
11,0.5674145389662958,0.12359550561797751,0.08230807838294753,0.37786811191351916,-0.04381529155736741
12,0.5737124324517223,0.13636363636363635,0.09081097904234295,0.3820621763178363,-0.04800935596168454
13,0.5800743607814693,0.14942528735632185,0.09950934868241412,0.38629888454612765,-0.052246064189975905
14,0.5865013753426499,0.16279069767441862,0.10841000598853345,0.39057893676667577,-0.05652611641052402
15,0.592998069581376,0.17647058823529413,0.11752009052538501,0.3949053919719639,-0.060852571615812145
16,0.5995633196348742,0.19047619047619052,0.12684708183692353,0.3992775017287476,-0.06522468137259585
17,0.6061996240419819,0.2048192771084338,0.13639881992705333,0.403696929931919,-0.06964410957576728
18,0.612913338261555,0.21951219512195114,0.14618352723889347,0.40816790898137856,-0.07411508862522681
19,0.6197057262831993,0.2345679012345678,0.1562098322621372,0.4126912806274392,-0.07863846027128746
20,0.6265817703612712,0.24999999999999994,0.16648679491096205,0.41727036278833796,-0.08321754243218621
21,0.6335408997038179,0.26582278481012656,0.17702393382937737,0.42190477534678367,-0.08785195499063192
22,0.6405881029663896,0.282051282051282,0.18783125579698282,0.4265978404838702,-0.09254502012771848
23,0.6477267599923078,0.29870129870129863,0.1989192874260845,0.4313518089967252,-0.09729898864057346
24,0.6549603891442666,0.3157894736842105,0.21029910936121524,0.4361690239290617,-0.10211620357290996
25,0.662292656346637,0.3333333333333333,0.2219823932146161,0.4410519265928754,-0.10699910623672365
26,0.6697252399957412,0.35135135135135137,0.23398144149648725,0.44600163471146326,-0.11194881435531151
27,0.6772663557589215,0.36986301369863017,0.2463092308271768,0.45102361948532094,-0.11697079912916919
28,0.6849181220616003,0.38888888888888895,0.25897945875038547,0.45611929167388376,-0.12206647131773202
29,0.6926849006948258,0.40845070422535223,0.272006594502417,0.46129155599959837,-0.12723873564344662
30,0.7005712557105562,0.42857142857142866,0.2854059341330779,0.4665434518799942,-0.13249063152384244
31,0.7085841350771043,0.4492753623188407,0.2991936604197,0.4718796062949732,-0.13782678593882147
32,0.716724129280376,0.4705882352941178,0.3133869080676934,0.4773004124769593,-0.14324759212080757
33,0.7249987232689568,0.49253731343283597,0.32800383474995526,0.4828108550063526,-0.14875803465020088
34,0.733413443021407,0.5151515151515154,0.34306369860440683,0.48841461389299023,-0.1543617935368385
35,0.741974098376955,0.5384615384615387,0.3585869428851492,0.49411555818292047,-0.16006273782676872
36,0.7506845618941576,0.5625,0.3745952885496647,0.4999162667955921,-0.16586344643944034
37,0.7595559900554465,0.5873015873015873,0.39111183566384744,0.5058241693590155,-0.17177134900286378
38,0.7685927007101117,0.6129032258064517,0.40816117462042323,0.5118421413327473,-0.17778932097659556
39,0.7778041238017905,0.639344262295082,0.42576950829688665,0.517976462561157,-0.1839236422050053
40,0.7871929653357785,0.6666666666666669,0.4439647864292323,0.5242289351008393,-0.1901761147446876
41,0.7967673795364553,0.6949152542372883,0.46277685365080995,0.530604989234522,-0.1965521688783703
42,0.8065411612840068,0.7241379310344825,0.48223761284554517,0.5371138116237585,-0.20306099126760674
43,0.8165204023431336,0.7543859649122805,0.5023812056962363,0.5437594590620701,-0.20970663870591838
44,0.8267167164222016,0.7857142857142856,0.5232442125773094,0.5505496656657882,-0.21649684530963648
45,0.8371356606983503,0.818181818181818,0.5448658742540576,0.557488132221356,-0.2234353118652042
46,0.8477885412772673,0.8518518518518517,0.5672883382151299,0.5645823879979684,-0.2305295676418167
47,0.8586937804750445,0.8867924528301885,0.5905569328917144,0.5718447012850697,-0.23779188092891795
48,0.8698556118627173,0.9230769230769231,0.6147204735173984,0.5792778914173506,-0.2452250710611989
49,0.8812879447727399,0.9607843137254901,0.6398316039715405,0.5868912212755296,-0.25283840091937787
50,0.893009871237053,1.0,0.6659471796438483,0.5946974051444316,-0.26064458478827984
51,0.9050354415527585,1.0408163265306125,0.6931286971803321,0.6027057997797844,-0.2686529794236327
52,0.9173736453479737,1.0833333333333335,0.7214427779475024,0.610922391799079,-0.2768695714429273
53,0.9300500099001493,1.1276595744680853,0.7509617132154035,0.6193641810207376,-0.2853113606645859
54,0.9430819171656548,1.1739130434782612,0.7817640804514743,0.6280427429095812,-0.29398992255342943
55,0.9564820017915222,1.2222222222222225,0.8139354417869259,0.6369664914731665,-0.3029136711170148
56,0.9702805805007456,1.272727272727273,0.8475691377285344,0.6461556160476675,-0.3121027956915157
57,0.9844996046500724,1.3255813953488376,0.8827671916209154,0.6556247350771994,-0.3215719147210477
58,0.9991569003249627,1.3809523809523805,0.919641343317695,0.6653857197930986,-0.3313328994369468
59,1.0142889136745046,1.4390243902439024,0.9583142341216353,0.675462841405559,-0.34141002104940726
60,1.029923937167796,1.5,0.9989207694657725,0.6858749412045817,-0.35182212084842995
61,1.046087061175339,1.564102564102564,1.041609691237814,0.6966387280516388,-0.3625859076954871
62,1.0628230301795465,1.631578947368421,1.0865453983662787,0.7077839994085977,-0.37373117905244596
63,1.0801690742345444,1.7027027027027029,1.1339100626368228,0.7193355485250015,-0.38528272816884973
64,1.0981604966276255,1.7777777777777777,1.1839060971446191,0.731316885525455,-0.3972640651693033
65,1.1168538005079083,1.8571428571428574,1.2367590479100041,0.7437656385227547,-0.40971281816660293
66,1.136299086994843,1.9411764705882355,1.2927209957792352,0.7567151722160955,-0.4226623518599438
67,1.156549037606525,2.0303030303030307,1.352074576852662,0.7702005697138724,-0.43614774935772066
68,1.1776693168159893,2.1250000000000004,1.415137756743178,0.7842655600867058,-0.45021273973055403
69,1.1997372483256599,2.225806451612904,1.482269528884695,0.7989616368361444,-0.46490881647999266
70,1.2228247644271442,2.333333333333334,1.5538767525023132,0.8143367030689098,-0.48028388271275807
71,1.2470233127933896,2.448275862068965,1.6304224053349385,0.8304516581048863,-0.49639883774873456
72,1.272440190467552,2.571428571428571,1.712435604798467,0.8473779561073473,-0.5133251357511956
73,1.2991811811383107,2.7037037037037037,1.8005238560741084,0.8651860434254216,-0.5311332230692698
74,1.3273785527453377,2.846153846153846,1.895388126678645,0.8839640035204908,-0.5499111831643391
75,1.357185341701892,3.0,1.997841538931545,0.9038137505603475,-0.5697609302041957
76,1.388770574156696,3.166666666666667,2.108832735538853,0.9248478470320196,-0.5907950266758679
77,1.422326604858236,3.3478260869565224,2.229475340546797,0.9471943910377525,-0.6131415706816008
78,1.4580910939056324,3.5454545454545463,2.3610854551009175,0.9710116516502695,-0.6369588312941177
79,1.496330973600693,3.7619047619047623,2.505229866279239,0.9964773916831151,-0.6624245713269634
80,1.5373607165000016,4.000000000000002,2.6637887185753946,1.023801033248422,-0.6897482128922703
81,1.5815610710168726,4.263157894736844,2.8390379763764075,1.0532361346781904,-0.7191833143220387
82,1.6293907876177527,4.555555555555557,3.033759373933088,1.085088199551711,-0.7510353791955593
83,1.6813957598404357,4.882352941176473,3.2513891712023195,1.1197207641308635,-0.7856679437747118
84,1.7382570831676705,5.249999999999999,3.496222693130203,1.1575874020314525,-0.8235345816753008
85,1.8008196005935335,5.666666666666666,3.7737006846484733,1.199250734062625,-0.8651979137064734
86,1.8701455100317643,6.142857142857142,4.090818389240782,1.2454181279292598,-0.9113653075731081
87,1.9475998827081202,6.6923076923076925,4.456723433001139,1.2969986489641625,-0.9629458286080108
88,2.034967884704776,7.333333333333333,4.883612650721554,1.3551811234849536,-1.0211283031288019
89,2.1346351199413904,8.090909090909092,5.388118089845682,1.4215542376936767,-1.087501417337525
90,2.2498739195727215,9.000000000000002,5.993524616794636,1.4982971912937042,-1.1642443709375525
91,2.385314603823242,10.111111111111114,6.733465927510024,1.5884935329793712,-1.2544407126232195
92,2.5477596146643213,11.500000000000007,7.65839256590426,1.6966733297962024,-1.3626205094400508
93,2.747677230077145,13.285714285714295,8.84758395812542,1.829807901941496,-1.4957550815853442
94,3.0021557420146925,15.666666666666684,10.433172481086968,1.999277149246269,-1.6652243288901174
95,3.34133447462306,19.00000000000003,12.652996413233137,2.2251522696219865,-1.8910994492658348
96,3.824317915544998,23.999999999999982,15.982732311452347,2.5467937299186323,-2.2127409095624806
97,4.586594542220008,32.3333333333333,21.53229214181774,3.054429699561282,-2.7203768792051304
98,6.028278403845714,48.99999999999996,32.63141180254854,4.014515001148973,-3.680462180792821
99,10.127483060158244,98.99999999999991,65.92877078474092,6.744368780803233,-6.410315960447082
100,,,,,
