,capacity_ratio,antisolv_ratio,add_antisolv_mole,capacity_mole,precip_mole,solute mol fraction,solvent mol fraction,antisolvent mol fraction
0,,,,,,0.33405282035615175,0.6659471796438483,0.0
1,0.5069047564241733,0.010101010101010109,0.006726739188321705,0.3375717928887301,-0.0035189725325783794,0.3341482066909192,0.65919327537599,0.006658517933090814
2,0.5122415182270665,0.02040816326530614,0.013590758768241815,0.3411257943597979,-0.007072974003646149,0.33421957046850154,0.6524648209408684,0.01331560859062998
3,0.5176316637731385,0.03092783505154642,0.020596304525067492,0.3447153465840744,-0.01066252622792263,0.33426656461440907,0.6457614323240232,0.019972003061567746
4,0.523078706337505,0.041666666666666706,0.02774779915182704,0.3483427892172142,-0.01428996886106243,0.3342899844038142,0.6390816149723384,0.026628400623847456
5,0.5285818731582262,0.05263157894736847,0.03504985156020257,0.35200760764058314,-0.017954787284431395,0.3342887530170892,0.6324256846337651,0.033285562349145564
6,0.5341445216704104,0.06382978723404262,0.0425072667857776,0.3557120377286222,-0.021659217372470452,0.3342635226949373,0.6257922886667588,0.0399441886383038
7,0.5397671307223604,0.07526881720430115,0.050125056532332714,0.3594563983690083,-0.02540357801285653,0.33421369438574944,0.619181264221253,0.04660504139299758
8,0.5454549502915119,0.08695652173913039,0.057908450403812865,0.3632441857694078,-0.029191365413256065,0.33414060096808307,0.6125906471093636,0.05326875192255333
9,0.5512088758852494,0.09890109890109886,0.0658629078768641,0.36707599629043786,-0.03302317593428611,0.3340437209081282,0.6060202139736034,0.05993606511826844
10,0.5570329891879797,0.11111111111111109,0.07399413107153868,0.37095454811831735,-0.036901727762165604,0.3339237833758524,0.5994685949617329,0.06660762166241475
11,0.5629266004945157,0.1235955056179775,0.08230807838294753,0.3748793819458221,-0.04082656158967035,0.3337795564340903,0.5929361947736597,0.07328424879225005
12,0.5688937170772985,0.13636363636363638,0.09081097904234296,0.3788531664047323,-0.044800346048580575,0.3336116486636827,0.5864217491759592,0.07996660216035809
13,0.5749353145211069,0.14942528735632185,0.09950934868241412,0.38287655118298003,-0.04882373082682828,0.3334194216077169,0.5799251032012863,0.08665547519099681
14,0.5810572390777166,0.16279069767441862,0.10841000598853345,0.38695342957544665,-0.0529006092192949,0.33320407521307066,0.5734444953167592,0.09335142947017011
15,0.5872608841214425,0.17647058823529416,0.11752009052538502,0.39108472949582745,-0.05703190913967571,0.33296501952008123,0.5669797334079308,0.10005524707198782
16,0.5935492111637297,0.19047619047619055,0.12684708183692353,0.39527242315431677,-0.06121960279816502,0.33270221972070835,0.560530135434605,0.10676764484468669
17,0.5999253016688244,0.2048192771084338,0.13639881992705333,0.3995185626433385,-0.06546574228718677,0.33241562752070036,0.5540950291578186,0.11348934332148096
18,0.6063942316040488,0.21951219512195114,0.14618352723889347,0.40382652828901483,-0.06977370793286308,0.33210586409477916,0.5476731914422811,0.12022094446293971
19,0.6129557762810468,0.2345679012345678,0.1562098322621372,0.4081961704607688,-0.07414335010461703,0.33177154032758877,0.5412650523346532,0.1269634073377581
20,0.6196151196559436,0.24999999999999994,0.16648679491096205,0.41263094139956125,-0.0785781210434095,0.3314131946953705,0.5348694442437036,0.13371736106092588
21,0.6263758980010825,0.2658227848101265,0.17702393382937734,0.4171332626707037,-0.08308044231455197,0.33103072298437813,0.5284857288423414,0.14048354817328057
22,0.6332419093959454,0.282051282051282,0.18783125579698282,0.42170566359451517,-0.08765284323836342,0.3306240069268232,0.522113274597078,0.1472627184760989
23,0.6402171240823308,0.29870129870129863,0.1989192874260845,0.42635078814232386,-0.09229796778617211,0.3301929140284283,0.5157514561981102,0.15405562977346146
24,0.6473056955887299,0.3157894736842105,0.21029910936121524,0.4310714023447141,-0.09701858198856234,0.32973729736621404,0.5093996540016773,0.16086304863210862
25,0.6545119726925988,0.3333333333333333,0.2219823932146161,0.4358704022577676,-0.10181758190161583,0.3292569953549798,0.5030572534837652,0.16768575116125506
26,0.6618405122961021,0.35135135135135137,0.23398144149648725,0.4407508225376289,-0.10669800218147713,0.32875183148067916,0.49672364470429736,0.1745245238150234
27,0.6692960932993681,0.36986301369863017,0.2463092308271768,0.4457158456793602,-0.11166302532320843,0.32822161399886546,0.49039822178082826,0.18138016422030637
28,0.6768837315648104,0.3888888888888889,0.25897945875038547,0.4507688119823892,-0.11671599162623747,0.32766613559635066,0.48408038237062756,0.18825348203302184
29,0.6846086960764814,0.4084507042253522,0.27200659450241693,0.4559132303117853,-0.12186040995563358,0.32708517301408463,0.4777695271599999,0.19514529982591547
30,0.692476526411056,0.42857142857142866,0.2854059341330779,0.46115278973301155,-0.1270999693768598,0.3264784866293956,0.47146505935942307,0.20205645401118136
31,0.7004930516503801,0.4492753623188407,0.2991936604197,0.4664913721066832,-0.13243855175053143,0.32584581999557155,0.46516638420305556,0.20898779580137283
32,0.7086644108814939,0.4705882352941178,0.3133869080676934,0.47193306574050015,-0.1378802453843484,0.32518689933685974,0.4588729084509353,0.21594019221220492
33,0.7169970754476467,0.49253731343283597,0.32800383474995526,0.4774821802072478,-0.14342935985109606,0.32450143299690015,0.45258403989207685,0.222914527111023
34,0.7254978731336306,0.5151515151515152,0.3430636986044068,0.48314326245095174,-0.1490904420948,0.32378911083847955,0.4462991868466034,0.22991170231491698
35,0.7341740144916166,0.5384615384615387,0.3585869428851492,0.4889211143184939,-0.15486829396234214,0.3230496035924462,0.4400177576649099,0.2369326387426439
36,0.7430331215391035,0.5625,0.3745952885496647,0.4948208116709307,-0.16076799131477898,0.3222825621533805,0.4337391602218365,0.24397827762478302
37,0.7520811691216446,0.5873015873015872,0.3911118356638474,0.5008463334398073,-0.1667935130836556,0.32148701064700036,0.4274631832923898,0.25104980606060984
38,0.7613310529793637,0.6129032258064515,0.4081611746204231,0.5070062675068885,-0.17295344715073674,0.3206638282422191,0.42118842648982413,0.2581477452679567
39,0.7707895691947073,0.639344262295082,0.42576950829688665,0.5133051397041122,-0.17925231934796043,0.3198119370484314,0.41491471840045685,0.2652733445511118
40,0.7804663264954333,0.6666666666666667,0.44396478642923226,0.5197493489366287,-0.18569652858047697,0.3189308994142333,0.40864146035146004,0.2724276402343067
41,0.7903736935958281,0.6949152542372883,0.46277685365080995,0.5263471321148329,-0.1922943117586811,0.3180208459402446,0.40236770089525564,0.27961145316449976
42,0.8005179597023296,0.7241379310344827,0.4822376128455453,0.5331026775180142,-0.19904985716186246,0.31708002767406895,0.39609358394904004,0.286826388376891
43,0.8109131158383986,0.7543859649122806,0.5023812056962363,0.5400253024287869,-0.20597248207263513,0.316108605785296,0.3898180947023813,0.2940732995123227
44,0.8215692320919342,0.7857142857142856,0.5232442125773094,0.5471217129937859,-0.21306889263763412,0.31510544460588863,0.3835409510207024,0.30135360437340897
45,0.8325043327395142,0.8181818181818181,0.5448658742540576,0.5544039124291633,-0.22035109207301157,0.3140712575308662,0.3772608083580236,0.3086679341111102
46,0.8437298781425514,0.8518518518518516,0.5672883382151299,0.5618795327302799,-0.22782671237412816,0.3130047472700089,0.3709774364741953,0.3160178162557959
47,0.8552631514480117,0.8867924528301885,0.5905569328917144,0.5695600835601129,-0.23550726320396115,0.311905838128744,0.3646899057917657,0.32340425607949025
48,0.8671154869968051,0.923076923076923,0.6147204735173984,0.5774531129910243,-0.24340029263487256,0.31077264917866093,0.35839822242709635,0.3308291283942428
49,0.8793043665449611,0.9607843137254902,0.6398316039715406,0.5855702629491375,-0.25151744259298575,0.30960454603172044,0.35210168152382254,0.33829377244445696
50,0.8918538297948216,1.0,0.6659471796438483,0.5939275426064262,-0.25987472225027447,0.308402112377201,0.34579894381139953,0.34579894381139953
51,0.9047809332302791,1.0408163265306123,0.693128697180332,0.6025363106802334,-0.26848349032408164,0.307163829078156,0.33948972375170355,0.35334644717014047
52,0.9181094815202604,1.0833333333333333,0.7214427779475023,0.6114124198226932,-0.2773595994665415,0.30588937992644866,0.33317309763530467,0.3609375224382467
53,0.9318580015171685,1.127659574468085,0.7509617132154034,0.6205682079389112,-0.28651538758275946,0.30457677668907757,0.32684891495613355,0.3685743083547889
54,0.9460521568405184,1.173913043478261,0.7817640804514742,0.6300207656439228,-0.2959679452877711,0.303225227237745,0.3205163954706373,0.37625837729161776
55,0.9607244439229492,1.2222222222222225,0.8139354417869259,0.6397917338453926,-0.3057389134892408,0.30183491735551793,0.3141742871900169,0.3839907954544652
56,0.9759040588910826,1.272727272727273,0.8475691377285344,0.6499005556215005,-0.31584773526534876,0.3004046810091316,0.30782194035598204,0.3917733786348863
57,0.9916179725865876,1.3255813953488378,0.8827671916209155,0.6603651921281889,-0.32631237177203715,0.2989322806979056,0.30145911929990055,0.3996086000021939
58,1.0079020588268972,1.3809523809523807,0.9196413433176951,0.6712095334330003,-0.3371567130768485,0.29741674561051484,0.2950849668435838,0.4074982875459014
59,1.0248003237611205,1.4390243902439022,0.9583142341216352,0.6824628853068209,-0.3484100649506691,0.29585802064914607,0.2886982115338501,0.41544376781700376
60,1.0423541669137502,1.4999999999999998,0.9989207694657724,0.694152817646225,-0.3600999972900733,0.2942546447358463,0.2822981421056615,0.4234472131584922
61,1.0606042405332108,1.564102564102564,1.041609691237814,0.7063064027013974,-0.3722535823452457,0.29260414640344534,0.2758843829026563,0.43151147069389834
62,1.0796022549741455,1.631578947368421,1.0865453983662787,0.7189580768371711,-0.3849052564810193,0.29090529298129675,0.26945598866710724,0.439638718351596
63,1.0994099070518282,1.7027027027027029,1.1339100626368228,0.7321489268736704,-0.39809610651751864,0.28915763942162864,0.2630116734139974,0.44783068716437396
64,1.1200883027956945,1.7777777777777777,1.1839060971446191,0.7459196461988575,-0.4118668258427058,0.287359360132481,0.25655063035230685,0.45609000951521217
65,1.141700705654551,1.857142857142857,1.236759047910004,0.7603123649280397,-0.4262595445718879,0.28550771935070884,0.2500722982272519,0.46441998242203925
66,1.1643246514851382,1.9411764705882357,1.2927209957792352,0.7753787178463344,-0.44132589749018264,0.28360110419288526,0.243575624574419,0.4728232712326958
67,1.1880509483085822,2.0303030303030307,1.352074576852662,0.7911791782992997,-0.457126357943148,0.2816385145325347,0.23705929020426353,0.48130219526320184
68,1.2129741340362616,2.1250000000000004,1.415137756743178,0.8077767035423876,-0.4737238831862359,0.2796176502112177,0.23052235193241027,0.48985999785637196
69,1.2391964089628211,2.225806451612904,1.482269528884695,0.8252393535735756,-0.49118653321742384,0.27753541210565696,0.2239640222472463,0.4985005656470967
70,1.266840089908987,2.3333333333333344,1.5538767525023134,0.8436485849346492,-0.5095957645784974,0.2753896371620019,0.21738310885139936,0.5072272539865987
71,1.2960474422015096,2.448275862068965,1.6304224053349385,0.8630991388187188,-0.5290463184625671,0.2731785671172341,0.21077821553600215,0.5160432173467637
72,1.3269734043999921,2.5714285714285716,1.7124356047984672,0.8836941961225705,-0.5496413757664187,0.27089924651917424,0.20414821097463123,0.5249525425061946
73,1.3597916210588314,2.7037037037037033,1.8005238560741081,0.9055493949474653,-0.5714965745913136,0.26854801551981333,0.1974920358096504,0.5339599486705362
74,1.3947081841084836,2.8461538461538463,1.8953881266786452,0.9288019816332378,-0.5947491612770861,0.26612190438424344,0.1908083048600967,0.5430697907556599
75,1.431964095043793,2.9999999999999996,1.9978415389315447,0.9536124504456696,-0.6195596300895179,0.26361810755530196,0.18409547311117452,0.5522864193335235
76,1.4718328006989716,3.1666666666666665,2.108832735538853,0.9801629025327864,-0.6461100821766346,0.26103271078016543,0.17735214941276028,0.5616151398070742
77,1.5146284201401594,3.347826086956522,2.229475340546797,1.0086625246007568,-0.6746097042446051,0.2583607972235273,0.1705770166385887,0.571062186137884
78,1.5607380326051172,3.5454545454545463,2.3610854551009175,1.0393690909762663,-0.7053162706201146,0.25559921549363673,0.1637681725913999,0.5806326119149634
79,1.6106071561586532,3.761904761904763,2.50522986627924,1.0725792931580542,-0.7385264728019025,0.2527429021502891,0.15692399054843925,0.5903331073012716
80,1.664764153256721,4.000000000000001,2.6637887185753937,1.1086449926334927,-0.774592172277341,0.24978590614391624,0.15004281877121672,0.600171275084867
81,1.7238552882882023,4.263157894736843,2.8390379763764066,1.1479965673496615,-0.8139437469935098,0.24672277597476272,0.14312267256479502,0.6101545514604422
82,1.7886701413886283,4.555555555555558,3.0337593739330884,1.1911598359709203,-0.8571070156147687,0.24354781772745154,0.13616139280905867,0.6202907894634898
83,1.8601707487483359,4.882352941176473,3.2513891712023195,1.2387754637849397,-0.904722643428788,0.24025380137602148,0.1291568537660763,0.6305893448579022
84,1.9395523242504262,5.249999999999999,3.496222693130203,1.2916394001062421,-0.9575865797500904,0.23683252117544165,0.12210679661192936,0.641060682212629
85,2.0283310947460595,5.666666666666665,3.773700684648473,1.3507613719300575,-1.0167085515739058,0.23327563162207246,0.11500865525668916,0.6517157131212384
86,2.12844979252617,6.1428571428571415,4.0908183892407814,1.4174351363463369,-1.0833823159901852,0.22957386777942665,0.10785965851088028,0.662566473709693
87,2.242431619398788,6.6923076923076925,4.456723433001139,1.4933410124828104,-1.1592881921266587,0.22571620140615525,0.10065689381719982,0.673626904776645
88,2.373628738005129,7.333333333333334,4.883612650721554,1.5807113635961025,-1.2466585432399508,0.22169021634615774,0.09339717403846107,0.6849126096153813
89,2.526601843739956,8.090909090909092,5.388118089845682,1.6825833719215708,-1.3485305515654191,0.21748220061531465,0.08607695793231537,0.69644084145237
90,2.707713641330013,9.000000000000002,5.993524616794636,1.8031942627268969,-1.4691414423707452,0.21307638161782014,0.07869236183821797,0.7082312565439619
91,2.926119859238307,10.111111111111114,6.733465927510024,1.948641267559605,-1.6145884472034533,0.20845420762963113,0.07123912131333317,0.7203066710570356
92,3.1955232944378005,11.500000000000005,7.658392565904259,2.128049725417072,-1.7939969050609204,0.2035945686226488,0.06371243451018807,0.7326929968671632
93,3.537398153521521,13.285714285714295,8.84758395812542,2.3557203236150137,-2.021667503258862,0.19847252636606216,0.05610692315437561,0.7454205504795622
94,3.987457833264859,15.666666666666684,10.433172481086968,2.655436298011503,-2.3213834776553512,0.19305867132146295,0.048416479720712176,0.7585248489578249
95,4.609867604231921,19.00000000000003,12.652996413233137,3.0699283295697914,-2.7358755092136398,0.18731785470634557,0.04063410726468267,0.7720480380289718
96,5.5327787052339525,23.999999999999975,15.982732311452343,3.6845383743440934,-3.3504855539879417,0.18120783432938986,0.032751686626824435,0.7860404790437856
97,7.054912824202142,32.3333333333333,21.53229214181774,4.698199297910633,-4.364146477554481,0.17467737511265688,0.024759678746620314,0.8005629461407228
98,10.07190152942804,48.99999999999995,32.631411802548534,6.707354417173165,-6.373301596817013,0.16766410373232518,0.01664671792535351,0.8156891783423212
99,19.060747111117095,98.99999999999991,65.92877078474092,12.693450780553059,-12.359397960196906,0.1600926214021493,0.008399073785978515,0.8315083048118722
100,,,,,,0.15187481335150077,0.0,0.8481251866484992
