,capacity_ratio,antisolv_ratio,add_antisolv_mole,capacity_mole,precip_mole
0,,,,,
1,0.5067597040358207,0.01010101010101011,0.006726739188321706,0.3374751956598061,-0.003422375303654357
2,0.5119565817055307,0.02040816326530614,0.013590758768241815,0.34093604168690356,-0.00688322133075181
3,0.5172160366617798,0.03092783505154642,0.020596304525067492,0.34443856088148156,-0.010385740525329812
4,0.5225386529163567,0.041666666666666706,0.02774779915182704,0.3479831421645435,-0.013930321808391766
5,0.5279280901921446,0.05263157894736847,0.03504985156020257,0.35157222271822186,-0.017519402362070113
6,0.5333834080714408,0.06382978723404262,0.0425072667857776,0.35520517627399983,-0.021152355917848087
7,0.5389081612659946,0.07526881720430115,0.050125056532332714,0.3588843700821413,-0.024831549725989555
8,0.544502950620382,0.08695652173913039,0.057908450403812865,0.362610204273397,-0.02855738391724527
9,0.5501731161261771,0.09890109890109887,0.0658629078768641,0.3663862350000951,-0.03233341464394335
10,0.5559196652564794,0.11111111111111108,0.07399413107153868,0.3702131331861047,-0.03616031282995297
11,0.5617451055648038,0.1235955056179775,0.08230807838294753,0.37409256872961694,-0.04003974837346519
12,0.5676538268794654,0.13636363636363635,0.09081097904234295,0.3780274650244173,-0.04397464466826556
13,0.5736452103741062,0.14942528735632185,0.09950934868241412,0.3820174099648381,-0.047964589608686325
14,0.579723646882373,0.16279069767441862,0.10841000598853345,0.3860653276141625,-0.052012507258010765
15,0.5858920789352707,0.17647058823529413,0.11752009052538501,0.3901731775426145,-0.056120357186462744
16,0.5921517857013024,0.1904761904761905,0.1268470818369235,0.39434181160885085,-0.0602889912526991
17,0.5985093611022488,0.20481927710843378,0.1363988199270533,0.3985756210164842,-0.06452280066033245
18,0.6049665350105402,0.21951219512195114,0.14618352723889347,0.40287575776918066,-0.06882293741302892
19,0.6115267973444322,0.2345679012345678,0.1562098322621372,0.4072445459681598,-0.07319172561200804
20,0.61819379547809,0.24999999999999994,0.16648679491096205,0.41168441457196,-0.07763159421580823
21,0.6249713438268569,0.2658227848101265,0.17702393382937734,0.41619790377972116,-0.08214508342356941
22,0.6318653037341291,0.282051282051282,0.18783125579698282,0.42078891693654685,-0.0867360965803951
23,0.6388762215215849,0.2987012987012987,0.19891928742608456,0.4254578178638179,-0.09140499750766617
24,0.6460102320546206,0.3157894736842105,0.21029910936121524,0.43020869205784257,-0.09615587170169082
25,0.6532719268199602,0.33333333333333337,0.22198239321461613,0.43504459720625493,-0.10099177685010319
26,0.6606661243859618,0.35135135135135137,0.23398144149648725,0.43996874222106314,-0.10591592186491139
27,0.6681978853909535,0.36986301369863017,0.2463092308271768,0.44498449722008887,-0.11093167686393712
28,0.675872528734353,0.38888888888888895,0.25897945875038547,0.4500954043093982,-0.11604258395324646
29,0.6836956490857198,0.4084507042253522,0.27200659450241693,0.4553051892434053,-0.12125236888725355
30,0.6916731358398438,0.42857142857142866,0.2854059341330779,0.46061777404796034,-0.1265649536918086
31,0.6998111936605907,0.4492753623188407,0.2991936604197,0.4660372907014653,-0.13198447034531358
32,0.708116364773595,0.4705882352941178,0.3133869080676934,0.47156809598063004,-0.1375152756244783
33,0.7165955531864543,0.492537313432836,0.32800383474995526,0.47721478758984254,-0.1431619672336908
34,0.7252538936563508,0.5151515151515154,0.34306369860440683,0.4829807850061663,-0.14892796465001457
35,0.7341034973270308,0.5384615384615387,0.3585869428851492,0.4888741536116215,-0.15482133325546976
36,0.7431502904653066,0.5625,0.3745952885496647,0.49489883998687756,-0.1608460196307258
37,0.7524029104532695,0.5873015873015872,0.3911118356638474,0.5010605961721778,-0.16700777581602605
38,0.7618705141987839,0.6129032258064516,0.4081611746204232,0.5073655201844887,-0.1733126998283369
39,0.771562819204963,0.639344262295082,0.42576950829688665,0.5138200833676015,-0.1797672630114498
40,0.781492430090638,0.6666666666666667,0.44396478642923226,0.5204326797318777,-0.18637985937572593
41,0.7916655573490854,0.6949152542372883,0.46277685365080995,0.5272074451377987,-0.19315462478164697
42,0.8020963751650833,0.7241379310344827,0.4822376128455453,0.5341538188437412,-0.2001009984875895
43,0.8127973447072796,0.7543859649122806,0.5023812056962363,0.5412800993298216,-0.20722727897366983
44,0.8237794361767713,0.7857142857142856,0.5232442125773094,0.5485935921705204,-0.21454077181436865
45,0.8350617943698322,0.8181818181818181,0.5448658742540576,0.556107046788921,-0.22205422643276923
46,0.846656988299529,0.8518518518518516,0.5672883382151299,0.563828833483826,-0.2297760131276742
47,0.8585837324365053,0.8867924528301887,0.5905569328917145,0.5717714151041792,-0.23771859474802742
48,0.8708542455342008,0.9230769230769231,0.6147204735173984,0.5799429286943724,-0.24589010833822061
49,0.8834901070317143,0.9607843137254902,0.6398316039715406,0.5883577450210118,-0.25430492466486004
50,0.8965090923347036,1.0,0.6659471796438483,0.5970277015653622,-0.2629748812092105
51,0.9099381303362226,1.0408163265306123,0.693128697180332,0.6059707315478039,-0.27191791119165215
52,0.9237978116309729,1.0833333333333333,0.7214427779475023,0.6152005472168054,-0.28114772686065365
53,0.9381156739368424,1.1276595744680853,0.7509617132154035,0.6247354872379282,-0.2906826668817764
54,0.9529143191450762,1.1739130434782612,0.7817640804514743,0.6345906032769014,-0.3005377829207497
55,0.9682238044257016,1.2222222222222225,0.8139354417869259,0.6447859118213329,-0.3107330914651812
56,0.9840817340154688,1.272727272727273,0.8475691377285344,0.6553464553066292,-0.3212936349504774
57,1.000522864276779,1.3255813953488376,0.8827671916209154,0.6662953796343057,-0.332242559278154
58,1.0175799067746543,1.3809523809523807,0.9196413433176951,0.6776544689788311,-0.34360164862267933
59,1.0352953854280231,1.4390243902439022,0.9583142341216352,0.689452042024083,-0.3553992216679312
60,1.0537212673196426,1.4999999999999998,0.9989207694657724,0.7017227061022575,-0.36766988574610576
61,1.072907340679098,1.5641025641025639,1.0416096912378139,0.7144996175444269,-0.3804467971882752
62,1.0929029443628735,1.6315789473684208,1.0865453983662787,0.7278156334229132,-0.3937628130667615
63,1.1137702452115859,1.7027027027027026,1.1339100626368228,0.741712153569893,-0.4076593332137412
64,1.1355835208091256,1.7777777777777777,1.1839060971446191,0.7562386429328686,-0.42218582257671683
65,1.1584171530287068,1.8571428571428574,1.2367590479100041,0.7714446359105236,-0.43739181555437184
66,1.1823485377101328,1.9411764705882355,1.2927209957792352,0.7873816740440912,-0.45332885368793946
67,1.2074724122656952,2.0303030303030307,1.352074576852662,0.8041128474460938,-0.47006002708994205
68,1.2339001941880725,2.1250000000000004,1.415137756743178,0.8217123542815437,-0.4876595339253919
69,1.2617487235802674,2.225806451612904,1.482269528884695,0.8402580038875046,-0.5062051835313528
70,1.2911448591724894,2.333333333333334,1.5538767525023132,0.859834277477573,-0.5257814571214212
71,1.3222409163039657,2.4482758620689653,1.6304224053349388,0.8805426090223236,-0.5464897886661719
72,1.3552150528175013,2.571428571428571,1.712435604798467,0.902501642234704,-0.5684488218785522
73,1.3902625343701807,2.7037037037037037,1.8005238560741084,0.9258414137283305,-0.5917885933721787
74,1.4276033906619927,2.8461538461538463,1.8953881266786452,0.950708451661349,-0.6166556313051972
75,1.4675002770766903,3.0000000000000004,1.9978415389315451,0.9772776706457879,-0.643224850289636
76,1.5102624844777492,3.166666666666667,2.108832735538853,1.0057550420598684,-0.6717022217037167
77,1.5562435460053172,3.347826086956522,2.229475340546797,1.0363760003011826,-0.7023231799450309
78,1.6058561973626986,3.5454545454545463,2.3610854551009175,1.0694154055472842,-0.7353625851911325
79,1.6595979357351573,3.7619047619047623,2.505229866279239,1.1052045646455806,-0.7711517442894289
80,1.7180666393713715,4.000000000000001,2.6637887185753937,1.1441416329295495,-0.8100888125733978
81,1.7819759853359678,4.263157894736844,2.8390379763764075,1.1867018816275554,-0.8526490612714037
82,1.8521928911827314,4.555555555555557,3.033759373933088,1.2334626320395252,-0.8994098116833735
83,1.9297917392294948,4.882352941176473,3.2513891712023195,1.2851393660398789,-0.9510865456837272
84,2.0161155202338836,5.249999999999999,3.496222693130203,1.3426264445359448,-1.0085736241797931
85,2.1128421577318557,5.666666666666665,3.773700684648473,1.4070412759741522,-1.0729884556180005
86,2.2221379998179263,6.142857142857142,4.090818389240782,1.4798265337581702,-1.1457737134020185
87,2.3468294763850426,6.692307692307692,4.456723433001138,1.5628644709036683,-1.2288116505475166
88,2.4906645733301995,7.333333333333333,4.883612650721554,1.6586510480480952,-1.3245982276919435
89,2.6587415233619507,8.090909090909092,5.388118089845682,1.7705814188848799,-1.4365285985287282
90,2.858189223615368,9.000000000000002,5.993524616794636,1.9034030523550947,-1.569350231998943
91,3.099281688447084,10.111111111111116,6.733465927510025,2.0639578993431598,-1.729905078987008
92,3.397390209130285,11.500000000000005,7.658392565904259,2.2624824279199376,-1.928429607563786
93,3.776642477372852,13.285714285714295,8.84758395812542,2.515044406329607,-2.180991585973455
94,4.277187625755487,15.666666666666684,10.433172481086968,2.8483810361794344,-2.5143282158232827
95,4.971217550196486,19.00000000000003,12.652996413233137,3.310568306949351,-2.976515486593199
96,6.002995690652944,23.999999999999982,15.982732311452347,3.9976780496045032,-3.6636252292483515
97,7.708958449339017,32.3333333333333,21.53229214181774,5.133759137328933,-4.799706316972781
98,11.09813212541628,48.99999999999995,32.631411802548534,7.390769788235759,-7.056716967879607
99,21.215153956040385,98.99999999999991,65.92877078474092,14.128171942735126,-13.794119122378973
100,,,,,
