,capacity_ratio,antisolv_ratio,add_antisolv_mole,capacity_mole,precip_mole
0,,,,,
1,0.5005989069370952,0.01010101010101011,0.006726739188321706,0.3333724302075518,0.0006803901485999408
2,0.49957379182802225,0.02040816326530614,0.013590758768241815,0.33268975769185444,0.0013630626642973098
3,0.49854219216215007,0.03092783505154642,0.020596304525067492,0.3320027668038453,0.0020500535523064745
4,0.49750301592009843,0.041666666666666706,0.02774779915182704,0.3313107303162981,0.0027420900398536507
5,0.49646121580817115,0.05263157894736847,0.03504985156020257,0.3306169464700075,0.0034358738861442473
6,0.4954118640845382,0.0638297872340426,0.042507266785777584,0.3299181336491997,0.004134686706952051
7,0.494356436221573,0.07526881720430115,0.050125056532332714,0.3292152744405405,0.004837545915611252
8,0.4932970889910622,0.08695652173913039,0.057908450403812865,0.32850980514011835,0.005543015216033398
9,0.4922302707769838,0.09890109890109886,0.0658629078768641,0.3277993605592601,0.006253459796891625
10,0.49116017287235786,0.11111111111111108,0.07399413107153868,0.3270867318777317,0.006966088478420063
11,0.4900830275979831,0.12359550561797751,0.08230807838294753,0.32636941002019515,0.0076834103359565975
12,0.48899988468967653,0.13636363636363635,0.09081097904234295,0.32564809405525713,0.008404726300894616
13,0.4879124487241065,0.14942528735632185,0.09950934868241412,0.3249239191409425,0.009128901215209262
14,0.4868201068113032,0.16279069767441862,0.10841000598853345,0.32419647712490435,0.0098563432312474
15,0.48572165087802494,0.17647058823529413,0.11752009052538501,0.32346496349417464,0.010587856861977107
16,0.4846176313780659,0.19047619047619052,0.12684708183692353,0.32272974482190514,0.011323075534246607
17,0.4835091947704543,0.20481927710843378,0.1363988199270533,0.32199158458925214,0.012061235766899603
18,0.4823960655338912,0.21951219512195114,0.14618352723889347,0.32125029931358384,0.012802521042567905
19,0.48127736426615764,0.23456790123456786,0.15620983226213722,0.3205053033594727,0.013547516996679054
20,0.48015349887408415,0.24999999999999994,0.16648679491096205,0.31975686837132206,0.014295951984829691
21,0.4790255874985536,0.2658227848101265,0.17702393382937734,0.31900573897189927,0.015047081384252481
22,0.47789351789214124,0.28205128205128205,0.18783125579698284,0.31825184041034843,0.015800979945803317
23,0.47675632765775255,0.29870129870129863,0.1989192874260845,0.31749453178103876,0.01655828857511299
24,0.47561500108518867,0.31578947368421045,0.2102991093612152,0.31673446856898724,0.01731835178716451
25,0.4744694022348945,0.3333333333333333,0.2219823932146161,0.3159715602456306,0.018081260110521136
26,0.4733204881512176,0.35135135135135137,0.23398144149648725,0.31520644415195287,0.018846376204198878
27,0.4721679697466049,0.36986301369863017,0.2463092308271768,0.3144389277709134,0.019613892585238324
28,0.47101236048053263,0.38888888888888895,0.25897945875038547,0.3136693530394023,0.02038346731674945
29,0.46985347347111145,0.4084507042253521,0.27200659450241693,0.31289759550395235,0.021155224852199395
30,0.468692049638418,0.42857142857142866,0.2854059341330779,0.31212414857819903,0.021928671777952713
31,0.46752832946432527,0.44927536231884074,0.2991936604197001,0.3113491724103673,0.022703647945784444
32,0.4663631046570825,0.4705882352941178,0.3133869080676934,0.31057319423633295,0.023479626119818797
33,0.46519660358356524,0.49253731343283597,0.32800383474995526,0.3097963661363726,0.024256454219779122
34,0.4640294893344807,0.5151515151515154,0.34306369860440683,0.3090191296938726,0.025033690662279173
35,0.46286221328231325,0.5384615384615387,0.3585869428851492,0.3082417854990659,0.025811034857085857
36,0.46169557617917933,0.5625,0.3745952885496647,0.307464866810566,0.02658795354558574
37,0.46053059561426846,0.5873015873015873,0.39111183566384744,0.3066890512890237,0.027363769067128063
38,0.4593679431297416,0.6129032258064516,0.4081611746204232,0.3059147861460471,0.028138034210104634
39,0.45820865985577436,0.6393442622950821,0.4257695082968867,0.3051427647193404,0.02891005563681137
40,0.45705389595760326,0.6666666666666666,0.4439647864292322,0.3043737529581988,0.029679067397952952
41,0.45590489065875495,0.6949152542372883,0.46277685365080995,0.3036085761200349,0.030444244236116857
42,0.454763049038301,0.7241379310344825,0.48223761284554517,0.30284816991329366,0.031204650442858084
43,0.45362997750324896,0.7543859649122806,0.5023812056962363,0.302093604120191,0.03195921623596076
44,0.4525075242940838,0.7857142857142856,0.5232442125773094,0.3013461095712653,0.03270671078488646
45,0.45139781871252743,0.818181818181818,0.5448658742540576,0.3006071042689928,0.03344571608715896
46,0.4503025227033243,0.8518518518518517,0.5672883382151299,0.2998776949807888,0.034175125375362936
47,0.44922463199557555,0.8867924528301886,0.5905569328917145,0.2991598767039992,0.034892943652152564
48,0.44816632369165643,0.9230769230769231,0.6147204735173984,0.2984550992738106,0.03559772108234116
49,0.4471312829502104,0.9607843137254902,0.6398316039715406,0.2977658168112281,0.036287003544923646
50,0.4461227392389671,1.0,0.6659471796438483,0.29709417997117815,0.036958640384973596
51,0.44514404407912483,1.0408163265306123,0.693128697180332,0.2964424206897501,0.03761039966640167
52,0.44420014854058004,1.0833333333333333,0.7214427779475023,0.29581383611797774,0.03823898423817401
53,0.44329553786279197,1.127659574468085,0.7509617132154034,0.2952114131884291,0.038841407167722664
54,0.4424355183462164,1.1739130434782612,0.7817640804514743,0.2946386856169269,0.03941413473922484
55,0.4416253500404736,1.2222222222222223,0.8139354417869258,0.29409915631868067,0.03995366403747108
56,0.4408725802180552,1.272727272727273,0.8475691377285344,0.2935978513785201,0.04045496897763162
57,0.4401841153890584,1.3255813953488376,0.8827671916209154,0.29313937016736574,0.040913450188786005
58,0.43956810637737387,1.3809523809523807,0.9196413433176951,0.2927291407033992,0.04132367965275252
59,0.43903363633870196,1.4390243902439022,0.9583142341216352,0.29237321188854154,0.04167960846761021
60,0.4385898102034125,1.4999999999999998,0.9989207694657724,0.2920776471254933,0.04197517323065847
61,0.4382495398633136,1.564102564102564,1.041609691237814,0.29185104505218795,0.042201775303963796
62,0.43802468893875074,1.631578947368421,1.0865453983662787,0.291701306213135,0.042351514143016744
63,0.43792929134629016,1.7027027027027026,1.1339100626368228,0.2916377764554911,0.04241504390066064
64,0.4379790285363284,1.777777777777778,1.1839060971446194,0.2916708987969205,0.04238192155923126
65,0.4381901820173581,1.8571428571428574,1.2367590479100041,0.29181151586208415,0.0422413044940676
66,0.43858452235853046,1.9411764705882357,1.2927209957792352,0.2920741257001077,0.041978694656044035
67,0.4391831464324937,2.0303030303030307,1.352074576852662,0.2924727777138304,0.041580042642321347
68,0.4400108304722059,2.1250000000000004,1.415137756743178,0.29302397156571297,0.04102884879043878
69,0.4410954952267109,2.225806451612904,1.482269528884695,0.2937463009998347,0.04030651935631707
70,0.44246738910940725,2.3333333333333344,1.5538767525023134,0.294659909861787,0.039392910494364775
71,0.444164549184593,2.448275862068965,1.6304224053349385,0.2957901288272611,0.03826269152889067
72,0.44622661745500913,2.571428571428571,1.712435604798467,0.2971633573761777,0.03688946297997403
73,0.4487000394239845,2.7037037037037037,1.8005238560741084,0.29881052576048606,0.03524229459566569
74,0.45163809602398525,2.8461538461538463,1.8953881266786452,0.3007671162668905,0.03328570408926124
75,0.45510221821014935,2.9999999999999996,1.9978415389315447,0.3030740386667082,0.03097878168944357
76,0.45916363211171757,3.166666666666667,2.108832735538853,0.30577872579982385,0.0282740945563279
77,0.4639054363945082,3.347826086956522,2.229475340546797,0.3089365169883714,0.025116303367780368
78,0.4694252504231573,3.5454545454545463,2.3610854551009175,0.3126124215729088,0.021440398783242942
79,0.4758365337180385,3.761904761904763,2.50522986627924,0.3168819976010327,0.017170822755119053
80,0.483281097857137,4.000000000000001,2.6637887185753937,0.32183968409314306,0.012213136263008684
81,0.4919232695223892,4.263157894736843,2.8390379763764066,0.3275949139396157,0.006457906416536041
82,0.501965224093237,4.555555555555557,3.033759373933088,0.33428232526418344,-0.00022950490803169687
83,0.5136557438289782,4.882352941176474,3.2513891712023204,0.3420675939107711,-0.008014773554619326
84,0.5273047710231541,5.249999999999999,3.496222693130203,0.3511571250756147,-0.01710430471946295
85,0.5433037944626017,5.666666666666666,3.7737006846484733,0.3618116296121706,-0.027758809256018868
86,0.5621549855810147,6.142857142857142,4.090818389240782,0.374365527170405,-0.04031270681425325
87,0.5845137950822307,6.692307692307692,4.456723433001138,0.3892553132979338,-0.05520249294178203
88,0.6112528610176541,7.333333333333333,4.883612650721554,0.40706211884393995,-0.0730092984877882
89,0.6435607888238019,8.090909090909092,5.388118089845682,0.4285774922465811,-0.09452467189042935
90,0.6831002119801304,9.000000000000002,5.993524616794636,0.45490865958228277,-0.12085583922613102
91,0.7322712383337671,10.111111111111114,6.733465927510024,0.48765396590268045,-0.1536011455465287
92,0.7946724920470832,11.500000000000007,7.65839256590426,0.5292099048193035,-0.19515708446315178
93,0.8759573438727908,13.285714285714295,8.84758395812542,0.5833413226404016,-0.24928850228424987
94,0.9855463794390759,15.666666666666682,10.433172481086967,0.6563218317956585,-0.32226901143950676
95,1.1403948348775887,19.000000000000025,12.652996413233135,0.7594427239671423,-0.42538990361099055
96,1.3744111881072045,23.999999999999975,15.982732311452343,0.9152852543909435,-0.5812324340347919
97,1.7667129301296962,32.3333333333333,21.53229214181774,1.1765374930601904,-0.8424846727040387
98,2.554649639060182,48.99999999999996,32.63141180254854,1.7012617221103032,-1.3672089017541516
99,4.9249644634440575,98.99999999999991,65.92877078474092,3.279766194276749,-2.945713373920597
100,,,,,
